1101010
11101100
1110011
1110011
11100110
101111010
1101010001
11100110
111001001
1110011
11101101
0111011
0111110100
110101100
11101100
111011000
11101101
101111010
111001011
111001111
111001011
101111010
1110111
111000
1110011
11101100
101111010
111001011
11101100
111001010
111001011
10110100
0111110100
1101010
11101100
1110011
1110011
11100110
101111010
1110110010
11100110
111001001
1110011
11101101
1100110
01101101
110101100
11101100
111011000
11101101
101111010
111001011
111001111
111001011
101111010
1110111
111000
1110011
11101100
101111010
111001011
11101100
111001010
111001011
1011010
111000
111001011
101111010
111000
111001010
101111010
11101110
111001100
111001001
111001001
11101100
11100101
111001011
1110011
1110010000
101111010
101101100
101101100
101111010
11101111
1110010000
111001011
11101100
111001010
01101101
